dane2 <- 11:20