dane <- 1:10